101,85
102,72
103,91
104,68
105,78
106,88
107,75
108,95
109,71
110,78
111,85
112,92
113,99
114,45
115,52
116,59
117,66
118,73
119,80
120,87
121,94
122,40
123,47
124,54
125,61
126,68
127,75
128,82
129,89
130,96
131,42
132,49
133,56
134,63
135,70
136,77
137,84
138,91
139,98
140,44
141,51
142,58
143,65
144,72
145,79
146,86
147,93
148,100
149,46
150,53
151,60
152,67
153,74
154,81
155,88
156,95
157,41
158,48
159,55
160,62
161,69
162,76
163,83
164,90
165,97
166,43
167,50
168,57
169,64
170,71
171,78
172,85
173,92
174,99
175,45
176,52
177,59
178,66
179,73
180,80
181,87
182,94
183,40
184,47
185,54
186,61
187,68
188,75
189,82
190,89
191,96
192,42
193,49
194,56
195,63
196,70
197,77
198,84
199,91
200,98
